# Created by Octave 4.0.0, Wed Mar 16 01:04:14 2016 IST <abhishek@hp3-HP-EliteDesk-800-G1-SFF>
# name: gau_sv
# type: matrix
# rows: 663
# columns: 1
 460
 461
 465
 471
 472
 489
 492
 496
 501
 504
 511
 513
 515
 519
 524
 526
 527
 531
 533
 553
 556
 557
 560
 586
 588
 590
 592
 593
 595
 596
 597
 598
 599
 604
 614
 618
 623
 624
 628
 630
 642
 651
 665
 673
 675
 682
 683
 685
 702
 705
 707
 710
 725
 733
 742
 743
 744
 746
 747
 749
 751
 759
 770
 780
 792
 798
 804
 811
 830
 832
 837
 839
 845
 847
 851
 856
 860
 866
 874
 876
 881
 884
 886
 887
 889
 898
 902
 912
 913
 927
 929
 931
 946
 947
 952
 955
 963
 971
 984
 991
 993
 994
 999
 1002
 1010
 1012
 1027
 1028
 1033
 1037
 1045
 1054
 1062
 1065
 1076
 1083
 1087
 1089
 1092
 1097
 1104
 1106
 1115
 1122
 1125
 1127
 1135
 1138
 1142
 1144
 1145
 1148
 1156
 1167
 1168
 1171
 1176
 1180
 1181
 1189
 1191
 1211
 1227
 1229
 1230
 1254
 1255
 1256
 1260
 1271
 1282
 1300
 1301
 1312
 1314
 1315
 1321
 1327
 1333
 1342
 1352
 1354
 1355
 1361
 1363
 1366
 1368
 1375
 1378
 1379
 1380
 1385
 1389
 1402
 1410
 1419
 1422
 1426
 1432
 1433
 1442
 1448
 1454
 1460
 1461
 1463
 1469
 1475
 1479
 1484
 1491
 1492
 1495
 1509
 1511
 1514
 1515
 1520
 1528
 1530
 1533
 1535
 1539
 1541
 1542
 1556
 1560
 1563
 1564
 1568
 1571
 1579
 1585
 1589
 1592
 1594
 1601
 1607
 1610
 1617
 1622
 1623
 1638
 1641
 1643
 1644
 1648
 1655
 1656
 1657
 1665
 1670
 1680
 1683
 1685
 1688
 1691
 1692
 1705
 1717
 1730
 1732
 1744
 1752
 1762
 1763
 1769
 1770
 1779
 1780
 1783
 1791
 1802
 1806
 1811
 1813
 1816
 1818
 1820
 1842
 1843
 1849
 1851
 1853
 1856
 1881
 1884
 1886
 1915
 1920
 1951
 1962
 1970
 1973
 1974
 1977
 1981
 1985
 1987
 1988
 1991
 1995
 1998
 2001
 2004
 2007
 2009
 2023
 2029
 2031
 2043
 2048
 2049
 2052
 2053
 2056
 2064
 2070
 2071
 2085
 2087
 2089
 2090
 2092
 2097
 2104
 2109
 2112
 2118
 2124
 2130
 2134
 2136
 2144
 2148
 2149
 2151
 2157
 2162
 2175
 2186
 2191
 2200
 2203
 2208
 2211
 2223
 2225
 2226
 2232
 2233
 2236
 2238
 2241
 2248
 2259
 2260
 2263
 2275
 2276
 2286
 2290
 2294
 2304
 2307
 2311
 2314
 2316
 2319
 2320
 2321
 2326
 2340
 2345
 2348
 2352
 2356
 2360
 2362
 2366
 2367
 2369
 2374
 2378
 2393
 2400
 2402
 2407
 2409
 2422
 2427
 2434
 2448
 2450
 2453
 2454
 2456
 2465
 2466
 2470
 2476
 2480
 2481
 2482
 2489
 2493
 2494
 2500
 1
 3
 8
 11
 12
 13
 14
 15
 18
 20
 21
 22
 23
 24
 25
 26
 27
 29
 30
 31
 32
 33
 37
 40
 41
 42
 43
 44
 45
 47
 48
 49
 52
 56
 58
 60
 61
 63
 64
 65
 66
 68
 69
 70
 71
 72
 73
 77
 78
 80
 81
 82
 84
 85
 86
 87
 93
 94
 95
 96
 97
 98
 99
 100
 101
 102
 103
 104
 105
 106
 114
 115
 116
 117
 118
 119
 120
 121
 122
 123
 124
 125
 126
 128
 129
 133
 135
 139
 141
 142
 149
 155
 156
 158
 159
 160
 161
 163
 164
 165
 169
 175
 182
 183
 185
 187
 189
 190
 191
 193
 194
 196
 197
 200
 204
 206
 207
 208
 210
 212
 213
 216
 219
 220
 221
 222
 224
 225
 226
 228
 230
 231
 232
 233
 235
 236
 237
 238
 239
 244
 246
 247
 248
 251
 252
 253
 256
 257
 259
 261
 262
 263
 264
 266
 267
 268
 269
 270
 271
 272
 273
 276
 277
 279
 280
 281
 282
 283
 284
 285
 286
 287
 288
 289
 290
 291
 292
 293
 294
 295
 296
 297
 298
 305
 306
 308
 309
 310
 311
 312
 313
 320
 324
 328
 329
 331
 332
 334
 336
 337
 338
 339
 343
 344
 345
 346
 347
 348
 349
 350
 351
 352
 354
 355
 363
 364
 365
 366
 368
 370
 373
 375
 378
 379
 380
 381
 385
 387
 388
 389
 390
 391
 394
 395
 396
 397
 399
 400
 403
 404
 406
 408
 409
 411
 413
 414
 415
 416
 417
 419
 420
 421
 422
 424
 429
 431
 433
 434
 436
 438
 440
 441
 442
 443
 444
 446
 447
 448
 450
 451
 452
 454
 455
 456
 458


