# Created by Octave 4.0.0, Wed Mar 16 01:09:41 2016 IST <abhishek@hp3-HP-EliteDesk-800-G1-SFF>
# name: gau_sv
# type: matrix
# rows: 329
# columns: 1
 465
 493
 496
 506
 513
 519
 527
 553
 557
 560
 561
 568
 590
 595
 604
 624
 643
 658
 659
 672
 673
 698
 700
 703
 711
 729
 734
 739
 742
 746
 747
 752
 764
 767
 768
 779
 780
 816
 830
 833
 844
 852
 856
 859
 862
 893
 902
 919
 927
 935
 938
 953
 955
 963
 968
 1010
 1012
 1030
 1043
 1049
 1083
 1084
 1092
 1095
 1101
 1109
 1115
 1118
 1124
 1125
 1126
 1127
 1162
 1212
 1230
 1238
 1254
 1255
 1284
 1304
 1310
 1314
 1323
 1327
 1348
 1368
 1373
 1375
 1383
 1395
 1442
 1443
 1461
 1464
 1467
 1479
 1484
 1490
 1491
 1492
 1506
 1514
 1515
 1517
 1519
 1567
 1583
 1595
 1596
 1601
 1603
 1607
 1609
 1615
 1617
 1622
 1633
 1648
 1659
 1670
 1705
 1711
 1716
 1743
 1746
 1753
 1759
 1770
 1771
 1779
 1793
 1795
 1796
 1802
 1804
 1811
 1816
 1818
 1834
 1862
 1884
 1894
 1897
 1903
 1907
 1934
 1951
 1962
 1973
 1975
 1978
 1995
 2004
 2005
 2009
 2012
 2023
 2024
 2029
 2031
 2040
 2043
 2046
 2049
 2055
 2065
 2066
 2087
 2098
 2102
 2126
 2136
 2148
 2149
 2151
 2163
 2203
 2214
 2222
 2238
 2240
 2241
 2260
 2268
 2275
 2283
 2294
 2307
 2314
 2319
 2336
 2339
 2345
 2346
 2356
 2357
 2370
 2371
 2417
 2434
 2439
 2448
 2449
 2458
 2465
 2466
 2469
 2472
 2476
 2480
 14
 15
 18
 24
 28
 40
 41
 42
 43
 68
 69
 72
 73
 78
 95
 97
 99
 100
 101
 102
 103
 104
 105
 106
 122
 124
 133
 135
 143
 164
 167
 169
 204
 208
 218
 219
 220
 225
 230
 231
 233
 235
 239
 242
 246
 247
 248
 252
 254
 276
 277
 279
 280
 281
 282
 283
 284
 291
 306
 308
 309
 312
 320
 324
 328
 331
 334
 338
 365
 367
 370
 373
 374
 375
 378
 379
 381
 383
 385
 387
 388
 389
 390
 391
 393
 394
 395
 396
 397
 398
 399
 400
 401
 403
 404
 407
 409
 410
 411
 414
 415
 416
 418
 420
 421
 422
 427
 432
 433
 436
 437
 438
 443
 450
 451
 452
 454
 455
 456


